 constant  mean quota satisfaction
     0.00  0.000
     0.05  0.000
     0.10  0.000
     0.15  0.000
     0.20  0.000
     0.25  0.000
     0.30  0.000
     0.35  0.000
     0.40  0.000
     0.45  0.000
     0.50  0.000
     0.55  0.000
     0.60  0.198
     0.65  0.500   <-- best
     0.70  0.490
     0.75  0.469
     0.80  0.417
     0.85  0.406
     0.90  0.188
     0.95  0.000
     1.00  0.000
     1.05  0.000
     1.10  0.000
     1.15  0.000
     1.20  0.000
     1.25  0.000
     1.30  0.000
     1.35  0.000
     1.40  0.000
     1.45  0.000
     1.50  0.000
     1.55  0.000
     1.60  0.000

mean p_bar used by the frozen condition: 0.5089
best constant: 0.65 -> 0.500
adaptive (live): 1.000
